305
105
563
618
172
571
180
963
557
19
780
443
139
503
577
222
815
405
801
224
904
620
787
72
947
265
831
955
697
1011
593
493
465
364
707
580
536
464
323
109
229
718
337
29
967
275
940
379
221
500
609
56
40
636
779
622
459
600
411
633
859
324
866
483
908
205
271
280
828
893
849
930
463
884
184
360
520
398
161
660
872
504
677
509
964
670
322
325
87
358
478
802
133
62
575
446
959
615
829
902
23
584
918
194
590
249
38
1012
976
479
90
290
989
37
540
558
386
589
333
1005
435
867
674
969
882
530
438
574
294
349
403
737
740
838
10
711
365
906
785
69
710
206
545
773
336
808
892
54
914
8
428
663
1016
581
146
499
190
950
614
784
14
116
304
485
721
756
20
834
216
362
186
798
86
851
96
846
632
924
44
702
198
524
836
956
144
845
858
361
260
962
481
587
79
639
942
442
871
27
111
238
476
368
234
686
891
347
567
439
984
494
596
121
312
338
684
468
302
673
816
307
157
422
704
982
248
822
232
276
320
447
288
625
783
484
262
917
988
318
556
457
946
60
881
370
18
155
1009
717
742
380
0
910
714
55
873
794
966
359
289
3
474
599
461
53
243
661
977
491
744
409
287
833
533
953
456
668
73
100
239
970
728
1
894
824
810
709
886
591
267
490
16
88
652
148
877
649
444
534
680
1014
791
505
655
561
772
344
66
420
425
473
340
263
529
233
33
32
471
7
253
981
769
301
254
679
839
498
297
277
182
952
913
715
2
270
296
789
912
1015
1023
931
486
25
979
766
375
278
147
319
840
755
256
252
692
672
973
466
604
695
641
644
934
460
352
751
348
922
776
48
189
225
549
223
272
687
13
230
321
445
667
165
541
151
941
174
1021
120
291
519
28
153
861
74
130
553
961
41
651
544
875
430
462
807
1018
716
758
311
643
705
517
36
637
572
108
890
63
832
4
127
395
339
210
526
1000
269
683
799
909
741
905
848
746
841
654
1003
706
516
915
763
634
226
731
874
286
948
935
919
94
522
391
732
986
496
22
929
696
943
980
666
916
273
998
185
512
208
350
470
159
107
903
78
629
898
1013
450
513
188
143
200
95
89
179
578
102
864
521
257
876
650
635
777
279
124
515
437
895
310
863
15
837
414
548
115
384
720
675
413
427
183
508
659
844
195
