305
105
563
618
172
571
180
963
557
19
780
443
139
503
577
222
815
405
801
224
904
620
787
72
947
265
831
955
697
1011
593
493
465
364
707
580
536
464
323
109
229
718
337
29
967
275
940
379
221
500
609
56
40
636
779
622
459
600
411
633
859
324
866
483
908
205
271
280
828
893
849
930
463
884
184
360
520
398
161
660
872
504
677
509
964
670
322
325
87
358
478
802
133
62
575
446
959
615
829
902
23
584
918
194
590
249
38
1012
976
479
90
290
989
37
540
558
386
589
333
1005
435
867
674
969
882
530
438
574
