305
105
563
618
172
571
180
963
557
19
780
443
139
503
577
222
815
405
801
224
904
620
787
72
947
265
831
955
697
1011
593
493
465
364
707
580
536
464
323
109
229
718
337
29
967
275
940
379
221
500
609
56
40
636
779
622
459
600
411
633
859
324
866
483
908
205
271
280
828
893
849
930
463
884
184
360
520
398
161
660
872
504
677
509
964
670
322
325
87
358
478
802
133
62
575
446
959
615
829
902
23
584
918
194
590
249
38
1012
976
479
90
290
989
37
540
558
386
589
333
1005
435
867
674
969
882
530
438
574
294
349
403
737
740
838
10
711
365
906
785
69
710
206
545
773
336
808
892
54
914
8
428
663
1016
581
146
499
190
950
614
784
14
116
304
485
721
756
20
834
216
362
186
798
86
851
96
846
632
924
44
702
198
524
836
956
144
845
858
361
260
962
481
587
79
639
942
442
871
27
111
238
476
368
234
686
891
347
567
439
984
494
596
121
312
338
684
468
302
673
816
307
157
422
704
982
248
822
232
276
320
447
288
625
783
484
262
917
988
318
556
457
946
60
881
370
18
155
1009
717
742
380
0
910
714
55
873
794
