563
618
105
924
305
172
139
815
571
463
831
222
620
465
1011
959
459
180
56
443
19
520
697
493
360
503
364
557
961
333
780
324
439
575
230
577
947
660
955
1003
794
963
787
930
981
785
940
224
509
483
699
0
386
609
893
569
674
161
72
801
221
841
194
663
1
350
988
322
37
191
337
260
904
460
636
278
931
632
558
411
74
704
297
740
464
881
60
273
496
133
867
44
461
184
403
499
622
152
989
504
1009
323
462
311
4
1021
714
705
910
1008
414
615
536
967
111
600
205
771
290
248
17
14
668
325
235
634
593
450
