563
618
105
924
305
172
139
815
571
463
831
222
620
465
1011
959
459
180
56
443
19
520
697
493
360
503
364
557
961
333
780
324
439
575
230
577
947
660
955
1003
794
963
787
930
981
785
940
224
509
483
699
0
386
609
893
569
674
161
72
801
221
841
194
663
1
350
988
322
37
191
337
260
904
460
636
278
931
632
558
411
74
704
297
740
464
881
60
273
496
133
867
44
461
184
403
499
622
152
989
504
1009
323
462
311
4
1021
714
705
910
1008
414
615
536
967
111
600
205
771
290
248
17
14
668
325
235
634
593
450
478
115
908
917
422
109
340
1013
338
471
216
79
479
189
866
23
174
859
377
561
265
919
78
625
670
29
902
638
10
808
687
581
362
845
398
977
470
776
304
914
943
742
262
540
635
614
574
468
799
791
763
544
746
545
628
481
874
239
828
435
307
741
707
737
280
36
894
438
556
590
3
922
22
196
892
1012
200
680
147
96
942
8
695
335
40
716
256
229
87
710
929
1018
413
321
2
254
288
756
484
732
45
466
388
281
530
405
457
580
882
190
633
693
679
516
717
909
38
320
62
833
255
864
441
51
1004
546
877
505
