563
618
105
924
305
172
139
815
571
463
831
222
620
465
1011
959
459
180
56
443
19
520
697
493
360
503
364
557
961
333
780
324
439
575
230
577
947
660
955
1003
794
963
787
930
981
785
940
224
509
483
699
0
386
609
893
569
674
161
72
801
221
841
194
663
1
350
988
322
37
191
337
260
904
460
636
278
931
632
558
411
74
704
297
740
464
881
60
273
496
133
867
44
461
184
403
499
622
152
989
504
1009
323
462
311
4
1021
714
705
910
1008
414
615
536
967
111
600
205
771
290
248
17
14
668
325
235
634
593
450
478
115
908
917
422
109
340
1013
338
471
216
79
479
189
866
23
174
859
377
561
265
919
78
625
670
29
902
638
10
808
687
581
362
845
398
977
470
776
304
914
943
742
262
540
635
614
574
468
799
791
763
544
746
545
628
481
874
239
828
435
307
741
707
737
280
36
894
438
556
590
3
922
22
196
892
1012
200
680
147
96
942
8
695
335
40
716
256
229
87
710
929
1018
413
321
2
254
288
756
484
732
45
466
388
281
530
405
457
580
882
190
633
693
679
516
717
909
38
320
62
833
255
864
441
51
1004
546
877
505
129
744
500
446
32
225
25
208
916
824
424
291
28
144
525
89
870
473
16
533
498
370
953
997
529
578
396
217
970
604
420
485
623
718
55
116
300
486
258
598
141
48
751
726
277
711
244
973
531
69
266
270
39
275
86
287
108
624
728
365
976
130
210
121
82
666
913
555
347
975
442
750
401
639
911
286
140
918
872
599
70
30
272
318
825
971
508
514
234
526
912
428
306
550
847
772
655
846
798
50
946
372
469
294
671
738
832
858
935
497
185
984
727
992
201
884
758
538
375
749
410
159
685
114
757
303
596
934
584
456
895
415
359
762
237
120
73
285
802
692
964
138
35
295
430
336
366
949
53
33
1016
77
1000
611
454
88
1023
20
198
510
840
987
652
715
549
315
389
836
66
873
915
153
517
358
1005
993
591
661
480
839
863
515
855
476
524
149
933
71
274
641
373
1006
127
195
779
31
491
854
354
522
488
352
276
90
146
12
954
183
453
849
907
452
1001
188
673
662
112
770
187
106
494
982
380
541
903
589
677
289
807
900
654
606
151
437
512
534
158
15
409
58
905
490
958
781
777
182
816
651
361
708
936
829
299
98
7
969
